Source matrix:

[[-7.   , -9.   ,  1.   , -9.   ],
 [ 0.429,  9.857,  4.571, -5.143],
 [ 0.286,  0.261, -6.478, -5.087],
 [ 0.857, -0.029,  0.884, 14.06 ]]
Matrix L:

[[ 1.   ,  0.   ,  0.   ,  0.   ],
 [ 0.429,  1.   ,  0.   ,  0.   ],
 [ 0.286,  0.261,  1.   ,  0.   ],
 [ 0.857, -0.029,  0.884,  1.   ]]
Matrix U:

[[-7.   , -9.   ,  1.   , -9.   ],
 [ 0.   ,  9.857,  4.571, -5.143],
 [ 0.   ,  0.   , -6.478, -5.087],
 [ 0.   ,  0.   ,  0.   , 14.06 ]]
Results:

[-17.429   6.134  -2.323   3.941]

Check:

[[-7.000e+00, -9.000e+00,  1.000e+00, -9.000e+00],
 [-3.000e+00,  6.000e+00,  5.000e+00, -9.000e+00],
 [-2.000e+00, -4.441e-16, -5.000e+00, -9.000e+00],
 [-6.000e+00, -8.000e+00, -5.000e+00,  2.000e+00]]
Permutation matrix:

[0., 2., 3., 1.]
Determinant of matrix A:

-98.4228187919463

Inverse matrix:

[[ 0.062, -0.147,  0.045, -0.18 ],
 [-0.101,  0.099,  0.016,  0.063],
 [ 0.067,  0.026, -0.105, -0.056],
 [-0.051,  0.018, -0.063,  0.071]]