Source matrix: [[4.0, 7.0, -1.0], [7.0, -9.0, -6.0], [-1.0, -6.0, -4.0]]
Order:  3

Iter 1: small_sum = 6.082762530298219 and precision = 0.001
i_max = 0 and j_max = 1
Matrix U:
[[ 0.916638, -0.399718,  0.      ],
 [ 0.399718,  0.916638,  0.      ],
 [ 0.      ,  0.      ,  1.      ]]
Matrix A:
[[ 7.052487e+00, -4.440892e-16, -3.314946e+00],
 [ 0.000000e+00, -1.205249e+01, -5.100111e+00],
 [-3.314946e+00, -5.100111e+00, -4.000000e+00]]

Iter 2: small_sum = 3.314945958960784 and precision = 0.001
i_max = 1 and j_max = 2
Matrix U:
[[ 0.916638, -0.359705,  0.174318],
 [ 0.399718,  0.82488 , -0.399748],
 [ 0.      ,  0.436103,  0.899897]]
Matrix A:
[[ 7.052487e+00, -1.445656e+00, -2.983110e+00],
 [-1.445656e+00, -1.452407e+01,  8.881784e-16],
 [-2.983110e+00,  4.440892e-16, -1.528415e+00]]

Iter 3: small_sum = 1.4456564474610933 and precision = 0.001
i_max = 0 and j_max = 2
Matrix U:
[[ 0.822524, -0.359705,  0.440529],
 [ 0.500992,  0.82488 , -0.261878],
 [-0.269185,  0.436103,  0.858693]]
Matrix A:
[[  7.987637,  -1.379464,   0.      ],
 [ -1.379464, -14.524071,  -0.432437],
 [  0.      ,  -0.432437,  -2.463566]]

Iter 4: small_sum = 0.43243692171171233 and precision = 0.001
i_max = 0 and j_max = 1
Matrix U:
[[ 0.842915, -0.308915,  0.440529],
 [ 0.449796,  0.853875, -0.261878],
 [-0.295259,  0.418889,  0.858693]]
Matrix A:
[[ 8.071853e+00, -1.665335e-16,  2.635089e-02],
 [ 3.330669e-16, -1.460829e+01, -4.316333e-01],
 [ 2.635089e-02, -4.316333e-01, -2.463566e+00]]

Iter 5: small_sum = 0.026350886105674733 and precision = 0.001
i_max = 1 and j_max = 2
Matrix U:
[[ 0.842915, -0.293094,  0.45121 ],
 [ 0.449796,  0.844048, -0.292003],
 [-0.295259,  0.449087,  0.843293]]
Matrix A:
[[ 8.071853e+00,  9.347634e-04,  2.633430e-02],
 [ 9.347634e-04, -1.462361e+01,  1.110223e-16],
 [ 2.633430e-02, -4.579670e-16, -2.448245e+00]]

Iter 6: small_sum = 0.0009347633929258903 and precision = 0.001
i_max = 0 and j_max = 2
Matrix U:
[[ 0.844042, -0.293094,  0.449099],
 [ 0.449064,  0.844048, -0.293128],
 [-0.293147,  0.449087,  0.84403 ]]
Matrix A:
[[ 8.071919e+00,  9.347605e-04,  3.469447e-18],
 [ 9.347605e-04, -1.462361e+01, -2.339913e-06],
 [ 1.647987e-17, -2.339913e-06, -2.448311e+00]]

