Source matrix:

[[-5., -8.,  4., -1.],
 [ 4.,  2.,  6., -5.],
 [-2.,  5., -6., -8.],
 [-1., -2.,  2., -4.]]

Specified precision: 0.01

Matrix after Householder transform:
 [[-0.73721   0.589768 -0.294884 -0.147442]
 [ 0.589768  0.799779  0.100111  0.050055]
 [-0.294884  0.100111  0.949945 -0.025028]
 [-0.147442  0.050055 -0.025028  0.987486]]

Matrix after Householder transform:
 [[ 1.        0.        0.        0.      ]
 [ 0.       -0.344601  0.932969 -0.104017]
 [ 0.        0.932969  0.352647  0.072173]
 [ 0.       -0.104017  0.072173  0.991953]]

Matrix after Householder transform:
 [[ 1.        0.        0.        0.      ]
 [ 0.        1.        0.        0.      ]
 [ 0.        0.       -0.986917 -0.16123 ]
 [ 0.        0.       -0.16123   0.986917]]

Iter i:  1
Result of qr_decomposition:
Q: 
[[-0.73721 , -0.463016, -0.393001, -0.296122],
 [ 0.589768, -0.187411, -0.770571, -0.152548],
 [-0.294884,  0.854374, -0.426381, -0.035894],
 [-0.147442, -0.143314, -0.264517,  0.942206]]
R: 
[[ 6.782330e+00,  5.897678e+00,  2.064187e+00,  7.372098e-01],
 [-7.428699e-16,  7.887800e+00, -8.389400e+00, -4.861663e+00],
 [-6.821992e-16,  8.012290e-16, -4.166184e+00,  8.714971e+00],
 [-4.724446e-16,  1.308947e-16, -1.110223e-16, -2.422816e+00]]

Matrix A_i (R @ Q):

[[-2.23913 , -2.587679, -8.285181, -2.287561],
 [ 7.842683, -7.949199, -1.215043, -5.482829],
 [-0.056412, -4.808459, -0.528878,  8.360839],
 [ 0.357225,  0.347224,  0.640876, -2.282792]]
Matrix after Householder transform:
 [[-2.742662e-01  9.606330e-01 -6.909730e-03  4.375567e-02]
 [ 9.606330e-01  2.758061e-01  5.209049e-03 -3.298616e-02]
 [-6.909730e-03  5.209049e-03  9.999625e-01  2.372659e-04]
 [ 4.375567e-02 -3.298616e-02  2.372659e-04  9.984975e-01]]

Matrix after Householder transform:
 [[ 1.        0.        0.        0.      ]
 [ 0.       -0.696523 -0.713805  0.073061]
 [ 0.       -0.713805  0.69967   0.03074 ]
 [ 0.        0.073061  0.03074   0.996854]]

Matrix after Householder transform:
 [[ 1.        0.        0.        0.      ]
 [ 0.        1.        0.        0.      ]
 [ 0.        0.       -0.998517  0.054448]
 [ 0.        0.        0.054448  0.998517]]

Iter i:  2
Result of qr_decomposition:
Q: 
[[-2.742662e-01, -6.609744e-01,  6.943562e-01,  7.589666e-02],
 [ 9.606330e-01, -1.982337e-01,  1.932684e-01, -2.312896e-02],
 [-6.909730e-03, -7.173888e-01, -6.931931e-01,  6.920202e-02],
 [ 4.375567e-02,  9.575774e-02, -2.603061e-04,  9.944425e-01]]
R: 
[[ 8.164078e+00, -6.878132e+00,  1.136831e+00, -4.797242e+00],
 [ 5.786018e-16,  6.768973e+00,  6.157935e+00, -3.617666e+00],
 [-6.219058e-16,  1.196474e-15, -5.621249e+00, -8.443122e+00],
 [-1.390400e-16, -9.649210e-18,  0.000000e+00, -1.738325e+00]]

Matrix A_i (R @ Q):

[[-9.064253e+00, -5.307692e+00,  3.552658e+00, -3.913200e+00],
 [ 6.301656e+00, -6.105892e+00, -2.959468e+00, -3.327979e+00],
 [-3.305932e-01,  3.224127e+00,  3.898809e+00, -8.785201e+00],
 [-7.606158e-02, -1.664581e-01,  4.524965e-04, -1.728664e+00]]
Matrix after Householder transform:
 [[-8.206839e-01  5.705564e-01 -2.993214e-02 -6.886669e-03]
 [ 5.705564e-01  8.212020e-01  9.379978e-03  2.158108e-03]
 [-2.993214e-02  9.379978e-03  9.995079e-01 -1.132172e-04]
 [-6.886669e-03  2.158108e-03 -1.132172e-04  9.999740e-01]]

Matrix after Householder transform:
 [[ 1.        0.        0.        0.      ]
 [ 0.       -0.92354   0.383144 -0.016533]
 [ 0.        0.383144  0.923683  0.003293]
 [ 0.       -0.016533  0.003293  0.999858]]

Matrix after Householder transform:
 [[ 1.        0.        0.        0.      ]
 [ 0.        1.        0.        0.      ]
 [ 0.        0.       -0.999993  0.003713]
 [ 0.        0.        0.003713  0.999993]]

Iter i:  3
Result of qr_decomposition:
Q: 
[[-8.206839e-01, -5.382864e-01, -1.909947e-01, -1.570851e-02],
 [ 5.705564e-01, -7.548551e-01, -3.233503e-01, -1.018815e-02],
 [-2.993214e-02,  3.742950e-01, -9.268039e-01,  6.464299e-03],
 [-6.886669e-03, -1.856945e-02, -3.035063e-04,  9.998038e-01]]
R: 
[[ 1.104476e+01,  7.768232e-01, -4.720855e+00,  1.587565e+00],
 [-1.045614e-15,  8.675987e+00,  1.780918e+00,  1.362407e+00],
 [-4.248864e-16, -5.950603e-16, -3.335026e+00,  9.966187e+00],
 [-3.099159e-17,  2.209278e-18,  0.000000e+00, -1.689739e+00]]

Matrix A_i (R @ Q):

[[-8.490659e+00, -8.328103e+00,  2.014150e+00,  1.375326e+00],
 [ 4.887451e+00, -5.907824e+00, -4.456359e+00,  1.285260e+00],
 [ 3.119063e-02, -1.433350e+00,  3.087890e+00,  9.942673e+00],
 [ 1.163667e-02,  3.137752e-02,  5.128463e-04, -1.689407e+00]]
Matrix after Householder transform:
 [[-8.666665e-01  4.988764e-01  3.183719e-03  1.187789e-03]
 [ 4.988764e-01  8.666727e-01 -8.508656e-04 -3.174429e-04]
 [ 3.183719e-03 -8.508656e-04  9.999946e-01 -2.025850e-06]
 [ 1.187789e-03 -3.174429e-04 -2.025850e-06  9.999992e-01]]

Matrix after Householder transform:
 [[ 1.000000e+00  0.000000e+00  0.000000e+00  0.000000e+00]
 [ 0.000000e+00 -9.879141e-01 -1.549821e-01  2.488927e-03]
 [ 0.000000e+00 -1.549821e-01  9.879173e-01  1.940421e-04]
 [ 0.000000e+00  2.488927e-03  1.940421e-04  9.999969e-01]]

Matrix after Householder transform:
 [[ 1.000000e+00  0.000000e+00  0.000000e+00  0.000000e+00]
 [ 0.000000e+00  1.000000e+00  0.000000e+00  0.000000e+00]
 [ 0.000000e+00  0.000000e+00 -9.999998e-01  6.289059e-04]
 [ 0.000000e+00  0.000000e+00  6.289059e-04  9.999998e-01]]

Iter i:  4
Result of qr_decomposition:
Q: 
[[-8.666665e-01, -4.933375e-01,  7.417294e-02,  2.383423e-03],
 [ 4.988764e-01, -8.560671e-01,  1.351605e-01,  1.754475e-03],
 [ 3.183719e-03, -1.541407e-01, -9.880434e-01,  8.112840e-04],
 [ 1.187789e-03,  2.802845e-03,  3.876644e-04,  9.999953e-01]]
R: 
[[ 9.796917e+00,  4.265888e+00, -3.958937e+00, -5.211148e-01],
 [-6.869024e-16,  9.387085e+00,  2.345318e+00, -3.316074e+00],
 [ 1.032027e-16,  1.151719e-16, -3.503898e+00, -9.548720e+00],
 [ 3.399505e-18, -7.243229e-20,  0.000000e+00, -1.675800e+00]]

Matrix A_i (R @ Q):

[[-6.375732e+00, -7.876301e+00,  5.214645e+00, -4.934896e-01],
 [ 4.686523e+00, -8.406778e+00, -1.049799e+00, -3.297687e+00],
 [-2.249729e-02,  5.133296e-01,  3.458302e+00, -9.551517e+00],
 [-1.990497e-03, -4.697008e-03, -6.496480e-04, -1.675792e+00]]
Matrix after Householder transform:
 [[-8.057391e-01  5.922638e-01 -2.843116e-03 -2.515509e-04]
 [ 5.922638e-01  8.057436e-01  9.325128e-04  8.250611e-05]
 [-2.843116e-03  9.325128e-04  9.999955e-01 -3.960641e-07]
 [-2.515509e-04  8.250611e-05 -3.960641e-07  1.000000e+00]]

Matrix after Householder transform:
 [[ 1.000000e+00  0.000000e+00  0.000000e+00  0.000000e+00]
 [ 0.000000e+00 -9.989367e-01  4.610214e-02 -2.977691e-04]
 [ 0.000000e+00  4.610214e-02  9.989367e-01  6.867547e-06]
 [ 0.000000e+00 -2.977691e-04  6.867547e-06  1.000000e+00]]

Matrix after Householder transform:
 [[ 1.000000e+00  0.000000e+00  0.000000e+00  0.000000e+00]
 [ 0.000000e+00  1.000000e+00  0.000000e+00  0.000000e+00]
 [ 0.000000e+00  0.000000e+00 -9.999997e-01  7.606430e-04]
 [ 0.000000e+00  0.000000e+00  7.606430e-04  9.999997e-01]]

Iter i:  5
Result of qr_decomposition:
Q: 
[[-8.057391e-01, -5.917650e-01, -2.446485e-02, -4.093194e-04],
 [ 5.922638e-01, -8.048439e-01, -3.807813e-02, -1.284492e-04],
 [-2.843116e-03,  4.517041e-02, -9.989750e-01,  7.660574e-04],
 [-2.515509e-04, -3.802057e-04,  7.503674e-04,  9.999996e-01]]
R: 
[[ 7.912899e+00,  1.365755e+00, -4.833233e+00, -1.527899e+00],
 [ 5.257999e-16,  1.145025e+01, -2.084708e+00,  2.515344e+00],
 [ 2.621745e-17, -2.859248e-17, -3.542358e+00,  9.678112e+00],
 [ 1.368049e-19,  2.174868e-20,  4.336809e-19, -1.682483e+00]]

Matrix A_i (R @ Q):

[[-5.552719e+00, -5.999534e+00,  4.581539e+00, -1.535015e+00],
 [ 6.786864e+00, -9.310788e+00,  1.648454e+00,  2.512275e+00],
 [ 7.636798e-03, -1.636894e-01,  3.545989e+00,  9.675395e+00],
 [ 4.232301e-04,  6.396896e-04, -1.262480e-03, -1.682482e+00]]
